0 0.26169590643274854 0.15234375 0.03070175438596491 0.0546875
0 0.35891812865497075 0.22916666666666666 0.03070175438596491 0.07552083333333333
0 0.3823099415204678 0.20833333333333331 0.024853801169590642 0.06510416666666666
0 0.43128654970760233 0.29557291666666663 0.03216374269005848 0.07552083333333333
0 0.5694444444444444 0.294921875 0.03070175438596491 0.07421875
0 0.4989035087719298 0.3548177083333333 0.027046783625730993 0.07161458333333333
0 0.5244883040935672 0.33463541666666663 0.02412280701754386 0.06510416666666666
0 0.5266812865497076 0.38151041666666663 0.02850877192982456 0.06510416666666666
0 0.5964912280701754 0.30924479166666663 0.02631578947368421 0.06901041666666666
0 0.6217105263157895 0.337890625 0.029970760233918127 0.07161458333333333
0 0.5983187134502924 0.36197916666666663 0.02850877192982456 0.06510416666666666
0 0.5698099415204678 0.42838541666666663 0.029970760233918127 0.0703125
0 0.4064327485380117 0.40885416666666663 0.02631578947368421 0.0625
0 0.4294590643274854 0.431640625 0.025584795321637425 0.05859375
0 0.4049707602339181 0.44791666666666663 0.029239766081871343 0.06770833333333333
0 0.37938596491228066 0.46744791666666663 0.02631578947368421 0.0625
0 0.42872807017543857 0.509765625 0.025584795321637425 0.06380208333333333
0 0.45211988304093564 0.4921875 0.027046783625730993 0.05989583333333333
0 0.5007309941520468 0.5338541666666666 0.024853801169590642 0.0625
0 0.5266812865497076 0.552734375 0.025584795321637425 0.06901041666666666
0 0.5500730994152047 0.5384114583333333 0.027046783625730993 0.06380208333333333
0 0.5990497076023391 0.5748697916666666 0.027046783625730993 0.07942708333333333
0 0.6421783625730993 0.44596354166666663 0.029970760233918127 0.06901041666666666
0 0.6173245614035088 0.46744791666666663 0.031432748538011694 0.0703125
0 0.6443713450292398 0.53515625 0.025584795321637425 0.057291666666666664
0 0.6461988304093567 0.5748697916666666 0.02631578947368421 0.06901041666666666
0 0.6663011695906432 0.5084635416666666 0.027046783625730993 0.07421875
0 0.6933479532163742 0.5364583333333333 0.025584795321637425 0.057291666666666664
0 0.6889619883040935 0.580078125 0.029970760233918127 0.06901041666666666
0 0.7865497076023391 0.6608072916666666 0.027777777777777776 0.06640625
0 0.7379385964912281 0.703125 0.02850877192982456 0.07291666666666666
0 0.764985380116959 0.728515625 0.025584795321637425 0.06380208333333333
0 0.7883771929824561 0.70703125 0.02412280701754386 0.0625
