0 0.7653508771929824 0.142578125 0.029239766081871343 0.037760416666666664
0 0.6695906432748537 0.34049479166666663 0.023391812865497075 0.05859375
0 0.6191520467836257 0.38151041666666663 0.027777777777777776 0.06510416666666666
0 0.641812865497076 0.404296875 0.027777777777777776 0.06640625
0 0.6461988304093567 0.451171875 0.027777777777777776 0.06901041666666666
0 0.6915204678362573 0.6197916666666666 0.023391812865497075 0.06770833333333333
0 0.6663011695906432 0.5983072916666666 0.025584795321637425 0.06640625
0 0.5493421052631579 0.6158854166666666 0.029970760233918127 0.078125
0 0.4784356725146199 0.6002604166666666 0.027046783625730993 0.07291666666666666
0 0.4784356725146199 0.6803385416666666 0.02850877192982456 0.07942708333333333
0 0.4261695906432748 0.6484375 0.02631578947368421 0.0703125
0 0.3812134502923976 0.6451822916666666 0.029970760233918127 0.07682291666666666
0 0.42872807017543857 0.6848958333333333 0.02850877192982456 0.06770833333333333
0 0.38011695906432746 0.7311197916666666 0.029239766081871343 0.06640625
0 0.3326023391812865 0.7747395833333333 0.02631578947368421 0.05989583333333333
0 0.3081140350877193 0.708984375 0.02850877192982456 0.07421875
0 0.2638888888888889 0.662109375 0.029239766081871343 0.07161458333333333
0 0.2408625730994152 0.7259114583333333 0.029970760233918127 0.07682291666666666
0 0.21527777777777776 0.7083333333333333 0.027046783625730993 0.06510416666666666
0 0.1915204678362573 0.6901041666666666 0.024853801169590642 0.05989583333333333
0 0.18932748538011696 0.73046875 0.029239766081871343 0.06510416666666666
